wellenlaenge arbitrary
700.012 -15.971
700.128 5.025
700.243 9.020
700.359 22.016
700.474 -12.989
700.590 13.007
700.705 -0.998
700.821 2.998
700.936 19.994
701.051 -3.011
701.167 14.985
701.282 10.980
701.397 28.976
701.512 20.972
701.628 25.967
701.743 15.963
701.858 -0.041
701.973 -37.045
702.088 -11.050
702.203 22.946
702.318 36.942
702.434 -0.063
702.549 15.933
702.664 46.929
702.779 -8.075
702.894 -2.080
703.009 95.916
703.123 15.912
703.238 71.908
703.353 32.904
703.468 26.899
703.583 -33.105
703.698 -9.109
703.813 77.887
703.927 -22.117
704.042 -18.121
704.157 24.875
704.272 31.870
704.386 -10.134
704.501 28.862
704.615 19.858
704.730 14.854
704.845 -7.150
704.959 -8.154
705.074 -45.158
705.188 13.838
705.303 -26.166
705.417 -15.170
705.532 4.826
705.646 12.822
705.761 18.818
705.875 -40.186
705.989 37.810
706.104 23.806
706.218 18.802
706.332 -25.202
706.447 30.794
706.561 19.790
706.675 51.786
706.789 34.782
706.903 21.779
707.018 55.775
707.132 4.771
707.246 1.767
707.360 17.763
707.474 6.759
707.588 54.755
707.702 25.752
707.816 39.748
707.930 27.744
708.044 -1.260
708.158 3.736
708.272 -20.267
708.386 22.729
708.500 39.725
708.613 31.721
708.727 4.718
708.841 26.714
708.955 -9.290
709.069 -31.294
709.182 -19.297
709.296 -0.301
709.410 3.695
709.523 35.692
709.637 36.688
709.751 35.684
709.864 3.681
709.978 18.677
710.091 35.673
710.205 -35.330
710.318 -54.334
710.432 8.662
710.545 -4.341
710.659 60.655
710.772 3.652
710.885 -19.352
710.999 -0.355
711.112 -23.359
711.225 39.637
711.339 15.634
711.452 24.630
711.565 24.627
711.678 37.623
711.792 27.620
711.905 -2.384
712.018 -10.387
712.131 -35.391
712.244 -52.394
712.357 61.602
712.470 19.599
712.583 -12.404
712.696 -8.408
712.809 -22.411
712.922 18.585
713.035 1.582
713.148 -38.422
713.261 -8.425
713.374 -25.428
713.487 -24.432
713.600 -5.435
713.713 32.562
713.825 -8.442
713.938 -10.445
714.051 34.552
714.164 -6.452
714.276 -9.455
714.389 11.542
714.502 37.538
714.614 23.535
714.727 -6.468
714.840 7.528
714.952 -2.475
715.065 -21.478
715.177 5.519
715.290 -27.485
715.402 37.512
715.515 -18.491
715.627 15.506
715.739 -14.497
715.852 -43.501
715.964 0.496
716.076 -42.507
716.189 44.490
716.301 26.487
716.413 35.484
716.526 40.480
716.638 12.477
716.750 55.474
716.862 -13.529
716.974 -0.532
717.086 23.465
717.199 7.462
717.311 5.459
717.423 38.455
717.535 -0.548
717.647 29.449
717.759 74.446
717.871 32.443
717.983 -35.560
718.095 -18.563
718.207 -2.566
718.318 25.431
718.430 17.428
718.542 24.425
718.654 6.422
718.766 -15.581
718.878 -37.584
718.989 -61.587
719.101 -27.590
719.213 18.407
719.324 23.404
719.436 -5.599
719.548 -15.602
719.659 24.395
719.771 22.393
719.882 -5.610
719.994 21.387
720.105 -42.616
720.217 -30.619
720.328 15.378
720.440 -10.625
720.551 51.372
720.663 24.369
720.774 27.367
720.885 21.364
720.997 15.361
721.108 21.358
721.219 -58.645
721.331 -20.648
721.442 57.350
721.553 -33.653
721.664 -17.656
721.776 1.341
721.887 28.338
721.998 -4.664
722.109 47.333
722.220 27.330
722.331 18.327
722.442 35.325
722.553 46.322
722.664 -8.681
722.775 10.316
722.886 -37.686
722.997 -6.689
723.108 -7.692
723.219 26.306
723.330 -6.697
723.440 15.300
723.551 -15.702
723.662 34.295
723.773 33.292
723.884 7.290
723.994 30.287
724.105 53.284
724.216 10.282
724.326 -7.721
724.437 19.276
724.548 -14.726
724.658 47.271
724.769 24.269
724.879 7.266
724.990 11.263
725.100 -20.739
725.211 2.258
725.321 8.256
725.432 -30.747
725.542 -30.749
725.652 -2.752
725.763 24.245
725.873 8.243
725.983 -4.760
726.094 -24.762
726.204 26.235
726.314 10.233
726.424 18.230
726.535 4.228
726.645 24.225
726.755 -15.777
726.865 -13.780
726.975 23.218
727.085 15.215
727.195 -42.787
727.305 -52.789
727.415 -32.792
727.525 -18.794
727.635 10.203
727.745 17.201
727.855 17.198
727.965 28.196
728.075 -9.806
728.185 -7.809
728.295 41.189
728.405 5.186
728.514 27.184
728.624 32.182
728.734 -28.821
728.844 1.177
728.953 -2.825
729.063 -3.828
729.173 -15.830
729.282 29.168
729.392 44.165
729.501 43.163
729.611 8.161
729.721 -16.842
729.830 -25.844
729.940 27.154
730.049 14.151
730.159 49.149
730.268 44.147
730.377 -27.856
730.487 51.142
730.596 -18.860
730.705 3.138
730.815 12.135
730.924 5.133
731.033 7.131
731.143 -20.871
731.252 -17.874
731.361 36.124
731.470 7.122
731.579 13.120
731.688 46.118
731.798 22.115
731.907 -21.887
732.016 45.111
732.125 17.109
732.234 1.107
732.343 10.104
732.452 43.102
732.561 60.100
732.670 43.098
732.778 25.096
732.887 -39.906
732.996 -21.909
733.105 -20.911
733.214 5.087
733.323 -2.915
733.431 35.083
733.540 25.081
733.649 4.079
733.758 25.077
733.866 38.075
733.975 -1.928
734.084 -9.930
734.192 -57.932
734.301 9.066
734.409 4.064
734.518 52.062
734.626 3.060
734.735 32.058
734.843 42.056
734.952 77.054
735.060 53.052
735.169 26.050
735.277 -18.952
735.385 31.046
735.494 -5.956
735.602 39.042
735.710 -6.960
735.819 -42.962
735.927 14.036
736.035 47.034
736.143 -11.968
736.251 -24.970
736.360 10.028
736.468 26.026
736.576 45.024
736.684 -21.978
736.792 15.020
736.900 11.018
737.008 -1.984
737.116 5.014
737.224 18.012
737.332 40.010
737.440 8.008
737.548 29.006
737.656 21.004
737.763 38.002
737.871 24.001
737.979 8.999
738.087 31.997
738.195 -0.005
738.302 -18.007
738.410 5.991
738.518 7.989
738.625 -14.013
738.733 -29.015
738.841 21.984
738.948 10.982
739.056 39.980
739.164 -6.022
739.271 5.976
739.379 1.974
739.486 -20.027
739.594 20.971
739.701 42.969
739.808 38.967
739.916 70.965
740.023 3.963
740.131 49.962
740.238 39.960
740.345 -22.042
740.452 71.956
740.560 -3.046
740.667 -23.047
740.774 -23.049
740.881 12.949
740.989 69.947
741.096 49.945
741.203 -37.056
741.310 -4.058
741.417 44.940
741.524 -1.062
741.631 -41.063
741.738 16.935
741.845 -54.067
741.952 78.931
742.059 -16.070
742.166 21.928
742.273 22.926
742.380 -17.075
742.487 26.923
742.593 7.921
742.700 -11.081
742.807 -37.082
742.914 22.916
743.021 -18.086
743.127 -21.087
743.234 11.911
743.341 26.909
743.447 60.908
743.554 36.906
743.661 16.904
743.767 -5.097
743.874 26.901
743.980 38.899
744.087 -18.102
744.193 1.896
744.300 2.894
744.406 37.893
744.513 3.891
744.619 -26.110
744.725 9.888
744.832 -2.114
744.938 25.885
745.044 24.883
745.151 32.881
745.257 15.880
745.363 -25.122
745.469 -18.123
745.576 6.875
745.682 12.873
745.788 -38.128
745.894 15.870
746.000 41.869
746.106 40.867
746.212 20.866
746.318 27.864
746.424 38.862
746.530 1.861
746.636 -11.141
746.742 16.858
746.848 -12.144
746.954 23.855
747.060 8.853
747.166 63.852
747.272 30.850
747.378 46.849
747.483 10.847
747.589 -25.155
747.695 1.844
747.801 -1.158
747.906 65.841
748.012 54.839
748.118 13.838
748.223 -1.164
748.329 -17.165
748.434 -10.167
748.540 19.832
748.645 -20.170
748.751 53.829
748.856 40.828
748.962 -28.174
749.067 23.825
749.173 45.823
749.278 17.822
749.384 -3.180
749.489 28.819
749.594 -16.183
749.700 5.816
749.805 -25.186
749.910 8.813
750.015 -3.188
750.121 -15.190
750.226 73.809
750.331 33.807
750.436 -2.194
750.541 -0.196
750.646 -26.197
750.751 2.802
750.856 7.800
750.962 -15.201
751.067 18.797
751.172 13.796
751.277 45.795
751.381 -41.207
751.486 62.792
751.591 16.790
751.696 22.789
751.801 79.788
751.906 47.786
752.011 50.785
752.115 27.783
752.220 -13.218
752.325 27.781
752.430 20.779
752.534 29.778
752.639 12.777
752.744 -39.225
752.848 -19.226
752.953 6.773
753.057 17.771
753.162 11.770
753.267 32.769
753.371 -8.233
753.476 -9.234
753.580 -24.235
753.685 23.763
753.789 17.762
753.893 8.761
753.998 0.759
754.102 -39.242
754.206 41.757
754.311 45.755
754.415 33.754
754.519 50.753
754.624 18.752
754.728 20.750
754.832 28.749
754.936 -17.252
755.040 -20.254
755.144 2.745
755.248 54.744
755.353 46.743
755.457 -19.259
755.561 26.740
755.665 49.739
755.769 -5.262
755.873 10.736
755.977 11.735
756.080 -10.266
756.184 33.733
756.288 9.731
756.392 -14.270
756.496 -24.271
756.600 4.728
756.704 46.726
756.807 -45.275
756.911 3.724
757.015 0.723
757.118 -8.279
757.222 -4.280
757.326 4.719
757.429 8.718
757.533 -12.283
757.637 47.715
757.740 35.714
757.844 19.713
757.947 36.712
758.051 -12.289
758.154 14.709
758.258 29.708
758.361 49.707
758.464 42.706
758.568 36.705
758.671 -6.297
758.774 -5.298
758.878 -12.299
758.981 54.700
759.084 2.699
759.188 31.698
759.291 10.696
759.394 -56.305
759.497 -4.306
759.600 -11.307
759.703 29.692
759.807 40.691
759.910 -5.311
760.013 25.688
760.116 -3.313
760.219 73.686
760.322 20.685
760.425 21.684
760.528 45.683
760.631 -39.318
760.733 31.680
760.836 4.679
760.939 -42.322
761.042 30.677
761.145 4.676
761.248 3.675
761.350 8.674
761.453 6.673
761.556 2.671
761.659 -7.330
761.761 39.669
761.864 3.668
761.967 58.667
762.069 29.666
762.172 27.665
762.274 32.664
762.377 6.663
762.479 8.662
762.582 45.661
762.684 37.660
762.787 44.658
762.889 -5.343
762.992 -21.344
763.094 0.655
763.196 29.654
763.299 45.653
763.401 19.652
763.503 45.651
763.605 -6.350
763.708 53.649
763.810 23.648
763.912 -17.353
764.014 60.646
764.116 -4.355
764.219 17.644
764.321 22.643
764.423 38.642
764.525 46.641
764.627 12.639
764.729 -20.362
764.831 -63.363
764.933 22.636
765.035 22.635
765.137 57.634
765.239 1.633
765.340 -8.368
765.442 31.631
765.544 61.630
765.646 21.629
765.748 54.628
765.849 12.627
765.951 2.626
766.053 26.625
766.155 19.624
766.256 12.623
766.358 -0.378
766.460 38.621
766.561 87.620
766.663 37.619
766.764 32.618
766.866 12.617
766.967 47.616
767.069 8.615
767.170 33.614
767.272 27.613
767.373 51.612
767.475 11.611
767.576 1.611
767.677 62.610
767.779 52.609
767.880 17.608
767.981 27.607
768.082 36.606
768.184 47.605
768.285 49.604
768.386 60.603
768.487 80.602
768.588 26.601
768.690 48.600
768.791 82.599
768.892 27.598
768.993 1.597
769.094 54.596
769.195 60.595
769.296 59.594
769.397 117.593
769.498 103.593
769.599 85.592
769.700 98.591
769.800 142.590
769.901 162.589
770.002 112.588
770.103 161.587
770.204 186.586
770.304 177.585
770.405 208.584
770.506 167.583
770.607 249.582
770.707 367.582
770.808 524.581
770.909 753.580
771.009 1188.579
771.110 1478.578
771.210 2807.577
771.311 10387.576
771.411 31496.575
771.512 54760.574
771.612 58251.574
771.713 58604.573
771.813 30179.572
771.914 9150.571
772.014 2542.570
772.114 1271.569
772.215 910.568
772.315 880.567
772.415 556.567
772.515 372.566
772.616 369.565
772.716 251.564
772.816 197.563
772.916 187.562
773.016 127.561
773.117 110.560
773.217 77.560
773.317 13.559
773.417 40.558
773.517 32.557
773.617 110.556
773.717 78.555
773.817 42.555
773.917 27.554
774.017 38.553
774.117 19.552
774.216 68.551
774.316 27.550
774.416 10.550
774.516 45.549
774.616 72.548
774.715 0.547
774.815 40.546
774.915 37.545
775.015 3.545
775.114 57.544
775.214 23.543
775.314 74.542
775.413 28.541
775.513 19.540
775.612 18.540
775.712 8.539
775.811 32.538
775.911 -17.463
776.010 20.536
776.110 -8.464
776.209 58.535
776.309 15.534
776.408 41.533
776.507 -7.468
776.607 49.532
776.706 -12.469
776.805 -2.470
776.904 5.529
777.004 3.528
777.103 42.528
777.202 44.527
777.301 27.526
777.400 44.525
777.500 12.525
777.599 11.524
777.698 4.523
777.797 34.522
777.896 5.521
777.995 34.521
778.094 15.520
778.193 -7.481
778.292 64.518
778.391 20.518
778.490 46.517
778.588 -32.484
778.687 -10.485
778.786 9.515
778.885 15.514
778.984 -8.487
779.082 68.512
779.181 36.512
779.280 54.511
779.379 27.510
779.477 39.509
779.576 -6.491
779.675 -41.492
779.773 40.507
779.872 -10.494
779.970 76.506
780.069 25.505
780.167 -19.496
780.266 17.503
780.364 41.503
780.463 -9.498
780.561 40.501
780.660 -0.500
780.758 -4.500
780.856 2.499
780.955 28.498
781.053 49.498
781.151 -7.503
781.249 -15.504
781.348 2.495
781.446 46.495
781.544 16.494
781.642 34.493
781.740 28.493
781.838 25.492
781.937 -7.509
782.035 56.490
782.133 31.490
782.231 -11.511
782.329 -17.512
782.427 -1.512
782.525 0.487
782.623 -34.514
782.721 20.485
782.818 47.485
782.916 12.484
783.014 2.483
783.112 2.483
783.210 47.482
783.308 12.481
783.405 9.481
783.503 -31.520
783.601 36.479
783.699 0.479
783.796 27.478
783.894 42.477
783.991 45.477
784.089 69.476
784.187 -1.525
784.284 -31.526
784.382 -12.526
784.479 10.473
784.577 -12.528
784.674 34.472
784.772 50.471
784.869 12.470
784.966 28.470
785.064 1.469
785.161 -5.532
785.258 30.468
785.356 48.467
785.453 -13.534
785.550 -17.534
785.648 6.465
785.745 13.465
785.842 27.464
785.939 -27.537
786.036 44.463
786.133 30.462
786.231 28.461
786.328 -9.539
786.425 -5.540
786.522 8.459
786.619 -2.541
786.716 12.458
786.813 -17.543
786.910 57.457
787.006 -1.544
787.103 20.455
787.200 42.455
787.297 -33.546
787.394 41.454
787.491 9.453
787.588 -19.548
787.684 38.452
787.781 5.451
787.878 -35.550
787.974 36.450
788.071 23.449
788.168 24.449
788.264 -32.552
788.361 2.447
788.458 53.447
788.554 3.446
788.651 -43.555
788.747 -11.555
788.844 9.444
788.940 12.444
789.037 12.443
789.133 22.442
789.229 46.442
789.326 9.441
789.422 -5.559
789.518 -8.560
789.615 16.439
789.711 16.439
789.807 -29.562
789.903 72.438
790.000 10.437
790.096 -12.564
790.192 70.436
790.288 27.435
790.384 4.435
790.480 -17.566
790.576 38.433
790.673 51.433
790.769 7.432
790.865 34.432
790.961 -9.569
791.057 38.430
791.152 -3.570
791.248 30.429
791.344 16.429
791.440 9.428
791.536 20.428
791.632 8.427
791.728 50.426
791.823 -44.574
791.919 -21.575
792.015 -11.575
792.111 27.424
792.206 23.423
792.302 17.423
792.398 0.422
792.493 -14.578
792.589 24.421
792.684 39.421
792.780 -8.580
792.875 47.419
792.971 -11.581
793.066 -10.582
793.162 -13.582
793.257 57.417
793.353 58.417
793.448 3.416
793.544 41.416
793.639 29.415
793.734 -6.586
793.830 14.414
793.925 33.413
794.020 -6.587
794.115 -41.588
794.211 -5.588
794.306 -10.589
794.401 3.411
794.496 29.410
794.591 22.409
794.686 -17.591
794.781 -13.592
794.876 -11.592
794.971 26.407
795.066 2.407
795.161 1.406
795.256 -2.594
795.351 -17.595
795.446 -21.595
795.541 -12.596
795.636 -68.596
795.731 23.403
795.826 -16.598
795.920 -22.598
796.015 24.401
796.110 -5.599
796.205 26.400
796.299 60.400
796.394 60.399
796.489 -33.601
796.583 -73.602
796.678 -30.602
796.773 34.397
796.867 26.397
796.962 4.396
797.056 1.396
797.151 -4.605
797.245 21.395
797.340 66.394
797.434 53.394
797.529 16.393
797.623 42.393
797.717 -6.608
797.812 -1.609
797.906 16.391
798.000 5.390
798.095 12.390
798.189 0.389
798.283 2.389
798.377 13.388
798.472 17.388
798.566 5.387
798.660 20.387
798.754 -26.614
798.848 44.386
798.942 9.385
799.036 -24.615
799.130 44.384
799.224 3.384
799.318 24.383
799.412 49.383
799.506 45.382
799.600 16.382
799.694 45.381
799.788 0.381
799.882 -3.620
799.975 35.380
800.069 9.379
800.163 -9.621
800.257 11.379
800.351 -42.622
800.444 13.378
800.538 -13.623
800.632 43.377
800.725 21.376
800.819 32.376
800.912 46.375
801.006 -9.625
801.100 42.374
801.193 -21.626
801.287 8.373
801.380 -15.627
801.474 33.372
801.567 19.372
801.660 50.371
801.754 -81.629
801.847 -3.630
801.941 7.370
802.034 27.369
802.127 21.369
802.220 -23.632
802.314 14.368
802.407 47.368
802.500 -6.633
802.593 -25.633
802.687 10.366
802.780 10.366
802.873 -1.635
802.966 -61.635
803.059 19.364
803.152 8.364
803.245 -35.637
803.338 -5.637
803.431 -32.638
803.524 16.362
803.617 20.362
803.710 40.361
803.803 41.361
803.896 34.360
803.988 -31.640
804.081 34.359
804.174 4.359
804.267 4.358
804.360 58.358
804.452 -1.643
804.545 -26.643
804.638 39.357
804.730 3.356
804.823 11.356
804.916 -18.645
805.008 -15.645
805.101 23.354
805.193 -33.646
805.286 30.353
805.378 17.353
805.471 0.353
805.563 -6.648
805.656 -67.648
805.748 -16.649
805.841 7.351
805.933 -20.650
806.025 17.350
806.118 -3.650
806.210 16.349
806.302 -13.651
806.394 45.348
806.487 30.348
806.579 -16.653
806.671 -8.653
806.763 -24.654
806.855 -38.654
806.948 -28.654
807.040 36.345
807.132 -15.655
807.224 14.344
807.316 -19.656
807.408 -8.656
807.500 10.343
807.592 23.343
807.684 33.342
807.776 -15.658
807.867 38.341
807.959 42.341
808.051 22.341
808.143 -3.660
808.235 5.340
808.327 26.339
808.418 -7.661
808.510 -40.662
808.602 -5.662
808.693 -3.662
808.785 -14.663
808.877 -4.663
808.968 10.336
809.060 -17.664
809.152 -0.664
809.243 -8.665
809.335 35.335
809.426 57.334
809.518 20.334
809.609 -1.666
809.701 -40.667
809.792 -8.667
809.883 16.332
809.975 4.332
810.066 5.332
810.157 8.331
810.249 -7.669
810.340 15.330
810.431 -26.670
810.522 0.330
810.614 -29.671
810.705 34.329
810.796 54.328
810.887 0.328
810.978 -2.672
811.069 -12.673
811.160 -19.673
811.251 -43.674
811.343 2.326
811.434 11.326
811.525 21.325
811.615 50.325
811.706 -20.676
811.797 24.324
811.888 68.324
811.979 4.323
812.070 37.323
812.161 2.322
812.252 16.322
812.342 22.322
812.433 6.321
812.524 -7.679
812.615 51.321
812.705 5.320
812.796 -13.680
812.887 -19.681
812.977 30.319
813.068 -49.681
813.158 1.318
813.249 -11.682
813.339 20.318
813.430 -13.683
813.520 7.317
813.611 34.316
813.701 -1.684
813.792 -6.684
813.882 30.315
813.972 7.315
814.063 0.315
814.153 44.314
814.243 39.314
814.334 18.313
814.424 -19.687
814.514 -21.687
814.604 -32.688
814.695 2.312
814.785 12.312
814.875 38.311
814.965 36.311
815.055 -19.690
815.145 -30.690
815.235 45.310
815.325 0.309
815.415 18.309
815.505 -21.691
815.595 -36.692
815.685 -15.692
815.775 20.308
815.865 41.307
815.955 -43.693
816.045 -5.694
816.134 42.306
816.224 -42.694
816.314 -10.695
816.404 -20.695
816.494 13.305
816.583 -27.696
816.673 0.304
816.763 78.304
816.852 -2.697
816.942 -11.697
817.031 8.303
817.121 -4.698
817.211 -28.698
817.300 15.302
817.390 21.301
817.479 24.301
817.568 -5.700
817.658 75.300
817.747 74.300
817.837 23.299
817.926 7.299
818.015 3.299
818.105 8.298
818.194 21.298
818.283 8.298
818.373 11.297
818.462 39.297
818.551 8.297
818.640 59.296
818.729 39.296
818.819 -7.704
818.908 7.295
818.997 -37.705
819.086 7.295
819.175 16.294
819.264 59.294
819.353 -33.706
819.442 4.293
819.531 22.293
819.620 -16.707
819.709 38.292
819.798 2.292
819.886 60.292
819.975 -24.709
820.064 49.291
820.153 15.291
820.242 -7.710
820.330 25.290
820.419 33.290
820.508 14.289
820.597 -16.711
820.685 0.289
820.774 1.288
820.862 11.288
820.951 -18.712
821.040 8.287
821.128 -5.713
821.217 23.287
821.305 12.286
821.394 29.286
821.482 -27.714
821.571 -35.715
821.659 -12.715
821.747 47.285
821.836 14.284
821.924 40.284
822.012 33.284
822.101 -7.717
822.189 -6.717
822.277 -26.717
822.365 -7.718
822.454 -14.718
822.542 22.282
822.630 36.282
822.718 2.281
822.806 11.281
822.894 28.281
822.982 27.280
823.071 19.280
823.159 22.280
823.247 -22.721
823.335 -22.721
823.422 -31.721
823.510 66.278
823.598 3.278
823.686 39.278
823.774 24.277
823.862 32.277
823.950 26.277
824.038 36.277
824.125 -21.724
824.213 -80.724
824.301 -0.724
824.389 -9.725
824.476 -15.725
824.564 36.275
824.651 -5.726
824.739 15.274
824.827 13.274
824.914 9.273
825.002 -15.727
825.089 56.273
825.177 -25.727
825.264 -33.728
825.352 -29.728
825.439 48.272
825.527 8.271
825.614 63.271
825.701 14.271
825.789 -47.730
825.876 -6.730
825.963 36.270
826.051 7.270
826.138 16.269
826.225 30.269
826.312 -10.731
826.399 8.268
826.487 25.268
826.574 21.268
826.661 -0.733
826.748 51.267
826.835 54.267
826.922 34.267
827.009 -33.734
827.096 13.266
827.183 -13.734
827.270 -13.735
827.357 5.265
827.444 6.265
827.531 -23.735
827.618 -7.736
827.705 1.264
827.791 -27.736
827.878 -76.737
827.965 17.263
828.052 10.263
828.138 -6.737
828.225 29.262
828.312 -9.738
828.398 31.262
828.485 4.261
828.572 44.261
828.658 -6.739
828.745 26.261
828.831 18.260
828.918 25.260
829.004 9.260
829.091 -0.741
829.177 19.259
829.264 16.259
829.350 0.259
829.437 -20.742
829.523 -35.742
829.609 2.258
829.696 13.257
829.782 40.257
829.868 59.257
829.954 84.257
830.041 -17.744
830.127 -54.744
830.213 22.256
830.299 11.256
830.385 -10.745
830.471 30.255
830.558 -49.745
830.644 13.254
830.730 -31.746
830.816 24.254
830.902 -5.746
830.988 34.253
831.074 19.253
831.160 28.253
831.245 -2.747
831.331 17.252
831.417 61.252
831.503 41.252
831.589 64.251
831.675 0.251
831.760 10.251
831.846 -9.749
831.932 9.250
832.018 -7.750
832.103 -11.750
832.189 40.250
832.275 61.249
832.360 -1.751
832.446 -16.751
832.531 -1.751
832.617 -31.752
832.702 -32.752
832.788 25.248
832.873 29.247
832.959 -10.753
833.044 -14.753
833.130 -2.753
833.215 49.246
833.301 46.246
833.386 -11.754
833.471 -7.754
833.556 16.245
833.642 2.245
833.727 12.245
833.812 -9.755
833.897 -25.756
833.983 13.244
834.068 -36.756
834.153 -9.756
834.238 20.243
834.323 12.243
834.408 46.243
834.493 -1.757
834.578 -15.758
834.663 9.242
834.748 27.242
834.833 14.242
834.918 31.241
835.003 11.241
835.088 -33.759
835.173 -28.759
835.258 -17.760
835.342 8.240
835.427 8.240
835.512 25.240
835.597 21.239
835.682 38.239
835.766 20.239
835.851 23.239
835.936 3.238
836.020 -30.762
836.105 28.238
836.189 26.238
836.274 88.237
836.359 39.237
836.443 24.237
836.528 11.237
836.612 42.236
836.696 -8.764
836.781 -4.764
836.865 2.236
836.950 0.235
837.034 17.235
837.118 -10.765
837.203 42.235
837.287 -14.766
837.371 -14.766
837.456 62.234
837.540 18.234
837.624 -21.767
837.708 15.233
837.792 -16.767
837.876 -15.767
837.961 35.232
838.045 6.232
838.129 12.232
838.213 -11.768
838.297 22.231
838.381 56.231
838.465 7.231
838.549 3.231
838.633 -31.769
838.717 25.230
838.800 24.230
838.884 -0.770
838.968 26.230
839.052 42.229
839.136 15.229
839.220 36.229
839.303 22.229
839.387 21.228
839.471 -20.772
839.554 -10.772
839.638 -5.772
839.722 16.227
839.805 2.227
839.889 60.227
839.972 28.227
